128822
119998
104000
261580
161000
25000
13660
444300
200000
58888
33069
146000
171074
14393
166029
203625
113770
24999
126143
50000
14000
120000
300000
180539
95000
118393
38250
100000
99047
147108
183658
95371
30000
97473
134000
194361
199924
102270
199980
34000
32010
199998
50000
150000
45200
97435
117134
100000
150000
30000
299961
110000
135000
295840
120308
85025
39960
10000
137221
299996
299994
23920
45000
58554
58010
185799
275509
249007
120000
120266
99810
120000
32000
45000
108666
14000
128387
138666
155584
151984
330000
112000
107522
147720
185164
90000
120000
34135
101631
35000
30000
299331
120000
266431
60726
111990
305160
125540
298956
2618100
17800
23965
208585
110653
87735
69984
17820
752980
298005
299991
112649
101893
299995
6000
211722
40500
76844
95350
299992
25000
199999
109798
572070
297654
45526
689189
815164
40000
17000
575277
250000
179886
-47492
271761
79127
742567
16000
3999394
199972
262503
179037
16105
500000
261058
268805
864846
53787
680187
687904
1333333
197938
287801
3994693
1199233
899993
264739
29419
365508
149999
798858
396566
1075000
199691
784218
17875
299404
199926
506103
609739
199612
181889
792476
17800
826159
29988
511944
14000
200000
49928
2249997
200000
599977
550434
810820
99982
870720
799525
50000
800000
896654
199341
152996
408803
170000
899490
390771
619859
199592
159782
895279
6005
69846
881425
1636084
785625
95917
317284
211504
703906
500000
479279
300000
200000
3600000
778417
482841
30000
71112
389999
50000
342299
259994
30000
90000
395393
14403
200000
30000
435000
154998
163529
15130
91876
1499997
38048
219999
357399
174701
327135
50000
243726
20226
315598
20000
85163
63689
51955
150000
322591
120147
154393
169000
211730
1199998
200000
127734
19861
215870
200000
20116
179946
200000
119033
398866
31826
39211
16276
7679
309219
23388
197359
9743
200000
32501
133185
240000
200000
158479
132717
17310
199999
250000
91528
200000
110258
200000
28258
160793
117336
32500
17000
200000
294960
200000
199592
200000
255736
199930
200000
4000000
434934
195790
19189
39742
200000
199999
216000
19434
365883
380755
200000
199999
197129
21775
334372
200000
200000
200000
200000
354439
227953
199992
136083
199576
339828
15620
17222
19921
322078
196732
16343
18547
200000
38123
208000
20280
200000
319494
199735
60000
200000
199999
199917
200000
200000
199734
296338
216000
160014
428085
216000
199998
199954
216000
102369
198376
632424
94120
10740
199261
211435
200000
197461
19683
20084
316769
207903
20111
237521
199889
200000
140742
200000
199999
208114
100000
21028
258928
59991
13190
22233
91500
136524
12000
59382
21763
12000
279224
17967
15000
300000
100540
299830
20000
15043
44740
3457030
300000
170890
1075000
515999
63476
275481
20043
20151
45000
434692
289321
297999
65476
432604
80000
57098
100000
136126
20340
19604
19589
60000
197247
19134
1105412
171000
100000
20097
20280
20134
190944
134997
18610
100000
20345
20436
61113
399908
533498
200000
100000
15389
19890
95846
20539
46040
138000
683578
20345
279999
92506
300797
100000
100000
360000
400000
389537
230091
106007
19631
20988
19756
21870
11996
143999
21776
15798
45000
18720
84000
112488
11804
65730
235793
11932
49949
20150
21970
209616
20275
141999
15983
16374
340000
179376
125000
262464
18705
15994
20618
19632
144370
150086
19175
19751
526129
174784
219145
131128
19756
19816
207250
808235
19695
16023
12521
20151
86659
21970
443796
19878
20400
19756
169000
243558
19304
19045
115001
64670
419960
20542
19529
200000
19370
20294
20641
20135
79308
21929
20020
20143
15390
18948
17286
16138
18756
19517
20280
174638
423413
98439
18350
19093
19307
17443
18012
45665
19949
19446
50000
20085
103587
19490
19630
19727
200000
19760
20478
149823
30000
152650
179998
20597
19651
88000
45000
20670
73248
80043
19630
1075000
16286
150000
19316
20215
18827
19825
19871
10000
239981
11973
10000
19870
19213
19955
20956
20085
19760
230000
312112
19474
17952
199004
19813
18340
213692
380014
19104
19760
242466
16561
1075000
17301
174742
27606
201549
40000
83553
192000
342652
1071484
279038
199217
63310
335193
137724
199065
189854
307503
11917
71836
173463
186999
94437
84275
181730
82419
162631
158997
39937
233677
262951
11801
185361
44905
1075000
110500
244836
332460
189343
364209
239909
559474
211560
130000
137000
101388
169818
106497
96688
11964
32500
376997
149772
404974
150000
193729
60000
248984
153000
157544
246017
466991
109998
166288
1074900
139602
195999
23493
299950
240000
11822
105767
75075
1075000
59990
99019
493037
346740
209710
145127
1223398
170855
87520
81018
92858
75023
130066
329738
7173
813701
300000
162438
482391
107022
1074999
250000
1075000
299992
1075000
1585917
150000
150000
150000
117074
426374
150000
174967
85071
193430
328640
204550
415000
94695
330000
900000
11718
11996
195257
299314
395753
212875
12000
11786
330609
11334
11996
185939
15000
11954
68116
350112
71550
300000
299115
1015095
150391
351482
507891
360000
118543
395701
108538
11403
1198547
150000
1200000
9397
105561
136053
11967
139231
350005
297519
12000
203068
150000
447557
402508
349997
345802
269534
12000
264845
330097
12000
396359
144821
299999
331319
5000
150000
264736
168754
299088
139794
150000
72296
11955
11998
55201
460716
330000
234270
300000
159999
9561
319994
11999
75000
150000
74014
11940
449955
299989
3024
498930
11981
762228
300000
360594
524000
150000
261204
501014
22786
563483
150000
821457
154245
916000
329949
11145
440170
288851
332863
20000
266227
330005
280863
149508
12000
483256
49998
150202
524779
700000
146058
150000
150000
150000
150000
150000
200000
400000
494420
299937
332952
316669
430349
307810
593218
300000
396554
408000
25000
1407392
495207
150000
313818
150000
211861
320000
199998
132900
400000
224999
59710
500516
299905
150000
406609
191343
315000
129794
370002
330000
76915
217577
408000
306636
336264
200000
302314
387098
203641
898349
306000
146109
330000
399999
300000
150000
325130
290000
208197
280000
329988
364347
150000
575697
310000
103365
173695
219134
150000
970408
349551
166220
194349
250000
231000
360000
406080
300000
44673
282763
300000
162417
313369
400594
1113426
150000
150000
150000
150000
150000
150000
150000
150000
599791
379925
461855
150000
445526
341371
400000
135231
235643
150000
348280
449983
150000
638662
1176580
274773
150000
220000
18000
1182466
149609
20000
91207
599082
17000
1079989
223572
150000
99999
400000
400000
300000
150000
296451
150000
808603
311303
125264
443452
882986
416000
286358
400000
1216000
159809
215000
355499
329352
1014107
150000
794409
493290
315000
358755
20000
859552
75756
250907
384062
300000
849992
150000
107660
49720
178578
150000
50000
193710
95859
237966
787450
150000
140666
317245
276966
63851
278866
800000
422315
485688
373957
159999
299999
165914
301873
257372
260169
248874
150000
22500
324958
903210
123344
298539
51971
544168
197420
97470
456992
300000
753043
115532
423045
280000
165000
1150000
181805
452177
330000
1045923
214518
296833
436799
1214400
525000
308000
352524
415393
517957
589927
451330
359999
395000
267473
202246
231238
300000
300000
380000
150000
286750
185564
1224000
420779
326479
400000
399319
1193935
1166414
450000
718185
150000
500000
179752
107675
1000000
586165
900000
669782
150000
15000
150000
800000
419998
50718
149950
392733
410894
388553
536513
68104
310236
219989
265000
199286
525000
186900
208000
451330
88685
155040
154751
222115
253850
292280
150000
321588
347551
189626
310640
699503
324930
329327
1200000
49935
1048618
348467
200000
438561
99905
599175
379217
410000
57983
735756
150000
850000
179964
150000
306591
150000
300000
1217258
150000
190000
15000
150000
461774
121247
116513
329998
340000
150000
305724
299489
149932
261522
569963
205160
417186
298419
199932
350000
189906
330000
170000
98867
353071
299997
299463
53844
33224
509523
15000
223000
198709
300000
299676
179138
224972
220629
225000
449998
236207
230087
299830
299999
141035
100000
311804
103401
288605
313746
269793
299460
224996
360923
276001
330000
225580
250000
249600
300000
314189
300492
137593
329949
356381
150000
238238
450028
318962
300000
160000
185583
350000
300078
329215
217028
220000
334236
299990
80000
301635
114084
292193
130139
298093
300000
125311
499841
308162
380079
340302
299611
304532
648852
350000
160453
150000
299999
308860
99900
329953
85506
420221
81891
84257
238371
456939
283371
329947
356000
300000
599067
299080
189985
330000
303412
285325
245710
299874
265757
284208
200000
305408
300000
347277
303680
336051
132550
300000
309777
349989
230482
350000
316000
449998
149024
289999
100000
419143
69245
399916
300000
520000
350000
423468
308790
298894
370000
284174
300000
340723
113094
209778
299658
158348
449788
299999
411931
310622
116150
8000
399314
310155
329998
419984
300593
161991
462000
343513
249198
312066
397966
224816
414218
50000
10560
586217
300000
299955
349999
235168
75000
339267
329967
329525
379752
200000
328952
333147
583210
81168
342659
310000
223753
391263
209053
270545
186999
311347
269999
285000
140000
304231
360582
83563
300000
299003
405106
501655
311955
300000
315655
276822
285000
336975
254975
401123
300000
450000
224999
260180
267598
299746
49999
329740
398474
132418
263970
95300
299999
304892
175000
331155
356416
350179
9994
359401
500000
373596
337500
302815
340450
1000000
325147
277808
311727
399823
300000
546826
119999
1018679
50000
41313
50000
200000
325000
49189
300000
168068
1840000
97390
15000
300000
185000
367034
49623
1770000
267388
800000
50000
1800000
1550000
306000
248277
487000
318253
495000
800000
1810000
446628
1810000
330000
800000
121569
529496
120172
241790
414301
800000
1520000
420000
1203734
739277
400000
1830000
330002
450000
120000
150000
190000
120000
12000
20000
28537
100000
75000
16000
60000
432000
30000
79000
202631
355000
988000
329999
69999
138000
23128
309761
35000
72061
103726
172561
366125
188556
399562
119963
216907
170000
1349998
800000
50000
530000
599680
135270
141168
171729
204075
660000
354093
298367
356914
300000
329325
251257
160000
32000
108646
34114
360000
256000
520000
350000
132742
150000
194808
22760
750000
246988
125347
450000
120000
25000
455000
29451
80000
360000
5000
475847
407802
18000
121973
135364
147720
337220
220000
29000
390000
55000
350000
199417
286000
90992
179992
140000
176234
55000
800001
488670
146928
71515
300000
500000
250000
310000
299292
249999
316000
440560
210000
100817
330000
107738
318849
450000
271820
161406
521048
18143
216843
349969
45000
166067
544141
600000
229120
225000
140000
139999
92407
75661
70000
49000
133661
300000
40513
241256
120000
10000
150000
121200
80000
90000
145443
100000
1250000
185904
121849
99531
762377
425000
80000
148861
99690
1075000
589345
120000
225000
550000
316024
278776
359998
476138
300000
55000
600000
300000
118374
136819
270000
310225
184460
179999
0
170200
285000
449974
98845
341752
145001
150000
141819
140000
382087
300000
144000
397921
289200
50000
112500
429847
170000
173094
1641276
450000
339481
399999
300000
49631
364374
90293
330000
420000
135000
290000
188057
135135
92142
20000
114000
180000
267895
572000
399653
455000
280000
500000
448451
10000
431165
330000
128945
320000
370000
116981
149636
297893
349988
450000
385576
74059
183957
205268
223029
375000
390000
236709
397377
364381
381564
273592
430983
295000
251029
466000
568000
255681
297287
145643
105627
192783
185141
444430
420000
280684
284998
475000
448292
427197
136483
384746
179981
314521
397974
252341
460000
300000
390000
276765
135000
300000
294712
154408
177582
298906
30000
209519
30000
163761
560646
130000
81275
244539
300000
185000
149583
420378
450000
330000
270000
6800
294000
499937
400000
358000
265192
150495
171790
450000
420000
240000
497449
300000
480000
307543
98374
123691
153589
239989
399779
66860
147410
54473
35725
300000
128395
170000
330000
199941
196455
345000
172999
410000
450000
350000
240597
60242
150000
450000
390000
41700
145848
501913
175000
600000
501918
499424
200000
370000
700000
465000
385003
230752
346022
330000
174000
242018
35000
464336
471755
380000
500000
137298
198401
390000
1095413
315000
383500
376791
83142
240000
250215
154000
405000
18000
330000
380000
301921
68049
25137
318910
299977
96465
439367
277532
286089
216000
138000
54000
374826
138000
225498
216000
138000
207000
468768
330000
379912
96000
227972
10000
368817
432203
210829
465000
216250
399127
290000
72552
113995
78166
264440
450000
285670
144390
130000
320000
510000
301000
412083
363000
305332
100000
330000
460504
431175
139278
465000
186490
428650
225000
266000
209663
548166
530000
124245
380000
267000
278058
460000
420000
173111
200000
97372
340000
390000
480620
202729
360000
130001
250000
368500
230000
157487
338422
109758
136098
473161
137754
60021
100000
150660
279000
331153
28129
203528
255645
216324
185000
301235
145172
399926
120820
483503
420000
452148
360000
313246
472000
320000
130189
230000
280000
15000
645288
26948
24983
54825
510000
419400
300000
390000
417000
271104
452850
500000
360000
80981
138000
450000
50024
128017
440000
120000
144906
69700
310000
12000
246456
360265
220977
20373
400000
700000
500000
389413
315000
194587
100000
480000
429133
348425
68524
128739
292391
207000
420000
480000
400000
423277
29985
88540
128730
145000
420000
234000
304763
520000
209087
323660
428241
387322
294000
389139
370953
345000
201753
180000
349059
282487
86999
620000
325000
149949
167376
500000
496819
130000
200000
408645
150387
235020
200000
310000
287340
175000
230000
280001
249000
475000
158162
240000
130000
399858
498396
28531
215000
260000
411746
180000
360000
450000
528702
167448
400000
300000
595000
93089
260000
163209
360000
119676
300000
493454
138000
150000
156715
378380
465000
418108
445166
29085
55951
461077
160589
201878
46314
159978
66136
229547
201333
258695
154866
337217
479983
220000
362409
380000
195000
404600
400000
465000
130000
60000
259999
220000
250000
375000
417643
442000
337454
420000
275000
258377
392066
450000
300000
390000
40000
425000
71176
175000
425000
130000
426000
375000
423000
294000
539999
262000
350120
255485
340000
450000
484000
373494
494425
410000
680000
182812
203483
112477
330558
120000
133570
320418
53524
162321
315998
361113
480000
390000
252000
435000
133946
360000
85203
600000
500000
450000
60389
139765
287565
463845
280000
200000
275373
285000
645000
204094
359998
450000
300000
438000
107101
413215
147690
320000
299999
198549
101955
159917
600000
29001
188000
430000
27241
12000
292004
16783
450001
165419
130004
288994
480000
420000
480000
344164
327612
216000
360447
331796
154398
450000
190384
343928
138000
419999
269985
1230321
138000
121825
390000
549990
480000
172642
392385
310847
417569
233782
178075
600000
473177
477203
218846
299987
500000
368304
138000
323903
176079
329999
287626
480000
0
299386
299997
138000
216000
207000
207000
72182
19999
118260
439524
250000
598705
304965
346680
100000
294514
368229
225000
300000
330504
812013
205371
220742
174000
196316
380000
192469
302735
187634
376000
315727
330000
209671
250000
299163
138000
100000
186825
169974
216000
314674
450000
75000
230029
150000
323873
370000
226343
82912
207000
330000
360000
138000
60000
265797
229999
100122
192366
225000
234260
409994
200822
138000
300000
169930
282077
210294
300000
28000
355426
376086
138000
379953
442541
283249
112662
225000
138000
165166
339065
350928
325645
46451
138000
198923
131873
330000
359960
203459
138000
138000
378641
1208681
330000
182698
375000
249922
320000
79999
213964
250000
182597
138000
369999
199909
210000
150000
216000
299718
220000
241814
138000
138000
220000
203321
697916
209615
598539
138000
175025
160950
85598
186064
375000
86457
169349
183525
138000
358152
192106
360000
330000
323007
114025
200000
330000
210385
330000
327818
359980
151671
330000
800
590610
364159
174235
300000
352547
621892
138000
330000
250000
263980
380000
60712
138000
12000
230581
285000
220000
567325
264031
224975
369000
360000
380000
210664
49826
33000
274889
216000
358962
27024
138000
299998
330000
64077
295951
329999
600000
360000
138000
517882
366000
36020
224997
259375
190625
363059
599979
170000
330000
55000
359768
216000
148108
187735
216000
138000
330000
360000
200000
50000
53531
280652
278880
207000
58515
148872
138000
207000
71970
410000
36651
270000
225000
387234
554678
600000
199893
330000
102561
138000
138000
5590
267296
543466
216000
340000
15416
350000
138000
278913
380000
145000
138000
154680
207000
276719
138000
149955
330000
138000
298168
213116
930970
138000
33136
206897
233827
44244
291481
27928
197045
297491
119802
366203
239246
299877
324945
300000
144340
57047
299861
299999
499993
322517
30000
465000
65232
154910
15050
299375
243014
314692
298599
313431
428379
99945
300000
449062
210000
300000
300000
220331
30000
299103
88185
298564
136725
299953
208949
295284
98839
169288
299363
29023
243316
299861
292767
89851
299846
93552
69987
205284
199920
239481
60962
299473
57367
81414
130279
266791
300000
299897
44690
56265
299999
2630535
59285
98416
277504
299989
137801
163227
253052
221138
350000
278182
265853
146539
185985
149945
298426
44997
299995
73485
75000
29828
49500
159890
100000
290952
300000
298727
5000
70755
81308
218556
13500
43587
278578
220000
210000
299209
299971
299979
82689
94697
300000
299995
43665
299976
139999
300000
299326
800000
866457
299999
222114
84604
343289
343552
81991
160000
228528
39287
270000
215078
40851
1229567
300000
149111
50000
124963
31740
304414
240000
133334
199000
50000
649970
50000
1047550
3748263
50000
1500000
150000
270000
450000
200000
131673
180001
128988
24949
99842
350702
500000
25000
299995
50000
766483
145290
1999998
101561
89757
28278
176555
250000
238737
15044
38956
46174
1000000
125000
190001
47659
4000000
130399
499654
899999
10000
220825
1784666
40066
18960
4610667
50000
211359
70439
338164
449993
67367
245000
600000
549793
420000
1062765
5400
249898
239994
190347
103148
150000
696758
119995
210000
120100
97816
431728
65529
202589
2105734
838719
46387
138483
30023
399999
59790
120056
300000
15000
79955
162539
133364
3078000
99985
200000
200000
10000
117443
132669
10000
167796
299942
280000
66419
162447
46593
283878
100000
163733
58227
69496
20000
21315
225000
299407
15000
689455
352135
405166
65277
160001
240000
40509
250001
995208
140562
279935
904879
90000
204436
1224200
1458419
180000
5400
688341
529519
5400
349962
169830
18900
591637
49450
50000
68993
1187996
5400
717524
35000
124061
69304
495692
92806
299495
344407
1393317
1458551
5400
117749
20064
182200
392654
5400
421000
463504
299868
33594
1155777
299899
499248
237367
951474
1125000
1781431
5400
1346739
1318290
115831
300000
996905
539691
226831
1000
299140
747101
300000
2467174
331085
400
1355236
128999
175056
299949
5400
1944738
5400
5400
5400
5400
317994
300000
445603
18899
180000
38892
24973
50000
24864
163136
5016
15566
381000
50000
156627
16368
15066
5400
5400
46436
500000
5400
610000
50000
27840
50000
594064
14000
29150
15120
139934
20000
12320
50000
27020
479966
20000
41635
8309
5400
48204
20000
20000
5400
195051
5400
5400
300929
40000
18897
5400
148000
5400
5400
5400
400
5400
5400
5400
5400
5400
114000
28279
5400
253400
5400
400
5400
25000
5400
5400
567637
675926
5400
5400
197557
2477909
5400
5400
5400
5400
174999
5400
5400
905997
5400
41397
5400
35023
69999
5400
5400
450000
5400
200000
5400
5400
5400
5400
5400
76287
98868
5400
5400
5400
32037
5400
5400
5400
5400
5400
5400
5400
5400
5400
5400
5400
384707
240000
5400
5400
50000
5400
5400
35000
5400
5400
5400
5400
5400
5400
5400
5400
5400
5400
5400
400
499999
5400
5400
5400
5400
99009
320000
5400
5400
5400
5400
5400
5400
5400
5400
5400
400
5400
5400
5400
5400
5400
5400
454000
57918
99672
5400
5400
5400
5400
5400
5400
15000
5400
5400
5400
251385
5400
5400
5400
5400
5400
5400
180000
5400
5400
5400
5400
400
5400
5400
5400
5400
5400
5400
5400
5400
5400
5400
5400
89999
5400
5400
5400
5400
5400
5400
5400
5400
465884
248024
197119
308153
174189
515987
165396
157999
420000
15000
294028
96185
306000
80000
587313
445559
405008
450000
180000
309297
88997
147086
50762
421391
143169
337000
426609
420000
18000
289857
610597
99251
210000
400482
690624
67915
33500
208077
345000
12110
79997
399755
211513
405586
185376
450000
499998
110935
64760
408447
320350
445792
138000
138000
138000
450000
138000
106200
0
40000
450000
138000
90036
425000
23391
157600
162941
261133
320627
200001
500000
138000
349934
153562
352287
79998
68102
404748
181746
310000
466000
497115
138000
30000
138000
595765
310581
175000
495000
138000
250481
129858
38310
246667
440000
431292
322998
298756
475000
499587
322924
152189
98000
265853
460000
201053
614548
574168
900000
500000
499838
800000
5000
36875
94171
458000
830000
148160
316579
759750
645724
216634
499988
159670
499419
79272
270040
573115
514025
180000
453138
658353
499996
1600000
350124
220000
740035
138000
138000
480398
369368
100404
127122
93625
184984
249533
338304
249466
253790
450000
220000
900000
383880
55000
450000
450000
190000
384752
456793
337970
118776
272918
254560
150000
88619
15000
138000
475000
161758
138000
272239
220285
139078
336000
394846
593128
153401
223816
1751580
141000
120000
69000
138000
138000
257578
138000
138000
145931
692761
138000
97095
281040
39964
1470534
160116
319863
229673
1164735
899991
138000
138000
94835
470796
300000
202218
158300
400316
99706
179995
339134
69000
121518
134567
519430
252246
138000
320232
69000
138000
494188
166215
138000
492023
324966
900000
39379
799997
195719
184196
398888
678872
531301
421215
527419
386506
250000
443979
500000
149999
180453
198793
750000
496927
88775
243686
430000
461034
904801
450000
249931
70323
507523
223564
499984
311013
907000
210950
271180
484362
265174
289762
468124
627635
500000
554553
250000
359332
121641
433154
246667
200003
285163
340471
647328
142401
699930
280426
164717
12900
384653
415524
660000
189809
795812
500000
450000
256000
801627
285550
138225
339999
186166
676755
450000
385927
270000
275701
80522
349996
385822
186031
49000
0
862963
260245
309999
749999
699639
695254
914062
495997
700000
1500000
299622
444651
396189
227506
300041
441755
390729
136096
211627
764235
276406
1499752
900000
88607
436322
457110
76313
362067
353794
625340
404197
600000
265000
114063
151196
160668
300000
256977
82401
445604
311424
255235
900001
250000
751586
256349
857914
266757
850000
749998
900000
599068
331561
132249
142000
427610
372475
443826
211720
503163
359776
900000
273006
44996
150000
540000
247899
101461
500000
513187
250000
400000
900000
499999
121221
430000
224194
683955
754881
817279
119984
1500000
1500000
320342
450001
399646
250000
620000
480000
115934
500000
334826
1599999
137918
232430
225189
100000
114000
226948
158880
507956
309903
46191
600000
247496
420000
220000
216990
250000
420000
353445
373678
211974
899997
488520
897406
548421
147432
373536
98143
300000
585722
450000
210000
499570
239314
641864
451802
44175
794159
468916
549471
800000
838838
249040
316510
150000
441849
346002
299988
724625
319306
339950
266706
106011
690000
499914
499914
680668
125885
380601
251957
458055
274991
450000
82995
121942
306354
750000
223808
410572
272979
260521
300000
229558
252250
445000
800000
452943
279995
1650000
1650000
72548
318810
202834
164496
271411
468070
311974
475000
540000
290621
112226
140067
290436
449564
690000
127599
499386
700000
600000
920000
775000
314996
140234
193191
671152
1498721
577537
766097
133549
500000
450000
300000
450000
589432
232085
870309
239583
195116
290000
471946
500000
201343
278033
518570
500000
499998
500000
500000
250000
266000
300135
492064
499387
516000
440000
250000
462598
286128
499635
443935
496373
317367
493752
49581
450000
156667
450000
450000
59228
246060
137000
291284
353995
258000
515729
116308
15460
251999
498975
133198
200000
300000
163160
499999
250000
758699
17279
40334
300001
249999
2000000
47674
445473
369903
499897
146667
500000
500000
317228
248000
250000
427000
499977
400000
449994
160000
999817
497335
198000
447031
3123
450000
199840
293333
319351
271649
449999
499998
450000
250000
68000
249999
35000
250000
363783
515800
515656
500000
2498876
216000
154506
451640
405455
449999
500000
34391
474379
486797
244417
250000
208000
500000
462000
131691
449816
499999
470000
450000
407218
500000
233000
257832
249780
448904
326521
357038
312610
250000
310000
500000
464721
999803
447889
449937
151970
450000
125000
450000
450000
497213
184869
350000
249799
449888
499999
258000
249997
450000
225000
507158
200000
100000
515981
200000
472262
224999
166666
100000
258000
449920
249995
466000
450000
466842
382678
500000
449996
450000
265999
498624
234711
500000
61248
400000
432707
284497
487008
250000
498928
450000
480947
449999
495305
250000
278382
167450
484694
499984
226217
514333
249922
210000
500000
400000
196872
500000
299686
497296
224409
150000
405000
426998
142280
1016000
357200
494286
350000
511172
499577
150000
184245
450000
500000
1000000
282000
395283
250000
100000
499853
224452
450000
498021
249771
318000
449978
450000
476210
249209
249964
498180
147998
242000
266819
200000
458000
233000
58808
497504
499999
91459
310582
299968
399940
439997
427000
470000
194503
110000
500000
1000000
240999
499088
300000
499999
500000
250000
420000
499302
449996
233000
322598
477478
500000
499984
300000
220410
215000
514176
506313
183700
450000
499792
390388
450000
448284
399318
180000
450000
500000
499774
499998
326000
254633
330768
439998
476037
500000
190000
250000
299495
450000
1000000
515994
499999
515560
347980
266000
497745
250000
400000
451931
49593
450000
500000
289900
499703
249731
498315
491104
200000
250000
999277
289992
449986
532000
251949
395002
249319
210000
475000
300000
400000
299999
479000
450000
495487
250000
350000
299999
464999
502116
420000
20000
500000
500000
249978
353819
499999
449999
302454
474399
439315
516000
999638
399934
440000
320780
499994
515201
400000
50000
450000
450000
1000000
499999
450000
165044
499758
250000
499999
449269
450000
396635
476756
377756
30000
49400
12000
257669
3000
369256
150485
270000
119731
404572
20000
89810
394333
500000
50000
250000
2000
80459
45000
105481
298191
42000
86665
79015
335713
194750
130577
309687
140603
297330
166610
302517
35000
184130
191900
40000
150000
33424
1579287
28287
694524
30000
50000
703235
49000
20000
182516
25020
335787
393985
98800
240784
776819
626776
32735
50000
259800
101163
399860
83520
39960
35111
1108338
33250
823746
350000
399672
112112
430091
225970
145000
124590
642772
490739
30000
225000
350000
46864
31479
86637
399940
219346
683788
55000
399972
582976
399849
399953
71870
50000
97430
399978
1037490
200000
180000
350000
242993
300000
273959
46517
1275794
103777
399975
1421460
350000
249544
395801
349971
399974
89961
349999
371513
350000
6166
54922
117419
575723
250000
299947
45325
1098770
2655164
148103
64000
330000
160433
379060
1122202
58910
25000
213490
6000
250016
250038
44000
399810
25000
6000
200822
339691
30128
299862
300000
20000
15000
10000
123296
282371
176562
60000
12000
120000
198369
100000
249835
6000
51142
277158
62009
206450
33672
15000
224458
120000
120020
140000
250000
195844
300000
158494
200000
37825
299974
201890
204314
25000
258855
220765
45000
100000
130000
500000
60000
10000
2600000
9845
200000
29511
370483
137730
157487
34473
59982
10298
32848
156310
200000
70000
499446
49999
552329
3800000
600000
142866
124934
100000
205759
125000
154975
128598
98447
34475
250000
70000
149938
147994
249063
54067
73359
6409
195275
66228
387556
396838
17109
2600000
209807
120000
999924
40000
197906
159996
109913
390766
201273
700000
82726
204429
65351
300000
205000
132278
136628
139874
70000
3681000
349999
150000
50000
200000
140020
480000
150000
284131
386009
275000
120000
148999
100000
120000
90000
600000
49285
70000
564443
100000
158762
100000
250000
55000
99993
240000
180193
90995
55000
186297
175000
105201
770000
104942
100160
49180
162500
22600
162500
599476
2600000
99998
131715
206040
35257
125042
120000
204063
89428
220000
130000
200871
270284
275633
25000
204457
211902
133072
100000
60000
250000
139999
150291
455768
269994
90000
1478736
2014606
3800000
971310
18000
291252
225000
350000
49640
1388826
285654
935175
1026261
36200
225000
2699999
312130
621851
57045
800000
2600000
176853
307081
225000
76965
225000
50000
50000
225000
800000
200000
161250
225000
200000
530395
225000
225000
225000
445499
224935
394484
220000
15000
225000
15000
1126375
85972
449852
1073586
135289
225000
332586
225000
864799
224929
200000
449895
118719
582942
1298998
1141108
800000
449951
449849
676673
1090899
884884
375000
449999
247656
1143843
1412248
225000
991081
50000
1117852
27656
452740
901341
782493
1258223
673886
49500
160000
669253
198806
224916
199000
225000
199908
224740
225000
225000
225000
224988
224915
225000
223007
224903
861168
225000
225000
225000
224995
224994
225000
224901
225000
225000
225000
79999
225000
225000
225000
225000
225000
87660
224999
258190
226139
443178
160000
225000
350000
224009
90674
224218
225000
224980
225000
150000
361075
225000
225000
225000
225000
76333
225000
568030
225000
225000
224766
225000
225000
225000
224949
16576
225000
225000
225000
225000
225000
225000
224601
225000
160215
225000
224956
225000
224911
225000
225000
225000
18630
225000
225000
225000
225000
225000
225000
225000
225000
225000
225000
224002
225000
224576
224923
225000
225000
225000
224980
209153
225000
225000
224999
225000
225000
224996
224984
225000
225000
225000
225000
50000
300000
12000
1068879
225000
225000
225000
225000
224986
225000
225000
225000
224999
224999
223823
225000
224319
224999
225000
220484
225000
225000
225000
225000
225000
225000
27700
225000
49980
50000
105662
183705
14825
50000
300000
391050
279341
150000
1332414
27342
58456
82820
15000
10050
395356
182000
166252
30000
244965
261031
161800
47484
1187600
24875
737388
467480
321162
537101
126725
11904
430007
216843
104604
259000
196446
180000
124087
293924
675104
1097647
24990
658058
233467
165996
150000
163356
420000
135612
411124
353917
307999
103794
540414
165840
38026
299295
146202
413000
640195
50000
7000
1299371
686266
850111
198797
190093
334454
133752
988114
124557
176372
234023
801203
24637
95138
37136
232365
57172
60848
58162
210000
316714
36361
300000
110000
87381
249820
209208
129000
72542
244941
429416
80000
90000
17500
102963
12000
181122
100000
144770
25000
15000
22101
140000
83265
267683
105200
414649
265000
79054
24898
54079
44726
184235
24998
25000
24570
139729
110000
232348
85633
69868
329954
237934
48000
244981
577538
154254
286724
386876
1398722
58524
260709
24990
369090
8312
677252
1442893
205780
299959
217957
254893
24939
165041
194194
31326
24980
180000
106423
140299
368366
229418
232500
300000
299317
2049
552575
33949
50569
8268
540812
25252
351540
359537
1218348
50000
65722
282593
433689
25148
45000
134922
54608
399999
850000
95461
298030
358223
173754
300000
800000
49599
18900
4223
89840
952498
49883
95126
360000
629663
208107
215114
91437
24113
166644
110880
280000
299756
100000
100000
316000
300000
250000
288056
16409
297124
72872
18900
299639
41036
257785
44571
400000
15000
203804
149487
279110
35149
83333
133664
169496
179987
298955
394709
499995
499992
299888
174748
249960
50000
263060
27765
166667
16462
19465
499994
299200
299745
299685
18815
14460
284560
10000
79999
482926
50000
878108
257793
308000
221913
74322
281103
124889
143306
50000
124965
441000
250000
50000
99167
499287
300000
298186
300000
299990
298258
299958
18422
500000
299949
41352
157667
299996
300000
120832
56844
195805
300000
286602
16997
607455
15000
25000
91417
20000
98123
49800
124865
682646
103031
136430
123194
457755
39000
311359
50000
299897
20000
1008000
731620
235000
44675
599998
304887
274739
54828
235000
353334
499022
319919
425000
428203
464591
346929
200000
329999
459470
15000
353276
484560
707512
239999
300000
24000
384373
1100000
117756
300204
1060000
266666
300000
10036
400000
81951
30252
99866
250000
500000
608001
1249998
308000
348134
616800
549836
459994
405057
775804
1398587
534193
470080
108707
500000
1000000
667108
394943
597384
46854
479999
176435
599999
549317
353063
838163
723470
484759
110000
93274
49256
128112
106099
46125163
25000
192927
100584
173352
126893
137000
60720
493632
21794
187150
546325
662473
130903
1448881
1286739
291032
50000
272243
17603
298966
517962
40950
868142
20000
203148
1634754
200545
514311
177234
101648
44399
134823
383675
42331
39680
404268
198817
93841
188073
109732
90000
287545
167583
236711
200000
380744
379614
40000
50000
346503
20000
248912
99564
239870
20000
25947
242255
86334
146314
131920
12870
17805
169153
39727
190754
3456281
68155
299927
9450
436867
373786
283000
576280
41178
214541
18421
27982
359395
42225
351353
292101
180234
240000
148473
34994
288119
49999
20000
15000
179172
103871
35000
3248494
19113
40350
315978
499999
515994
234187
4016000
135303
39971
105886
50640
75000
20000
494644
554035
999900
616469
118978
298918
94326
300000
287200
174648
50000
105494
1000000
264201
93994
350000
550549
186035
10000
209563
46757
106796
266000
1939161
67692
248226
282560
50000
50000
50000
49600
16500
289112
118977
134665
9515
228000
101179
26500
12000
271735
334776
15000
1467146
170654
8423
313679
274708
84189
36694
331285
40399
917337
174000
90421
113098
18900
80993
1181837
282058
76082
218390
316778
247971
345000
195291
665000
170728
110387
244293
50000
174526
365812
309198
226763
87000
92559
700000
429947
61470
180415
341444
10080
520001
153363
1798710
248000
279935
189200
112782
232278
20071
98482
111921
174000
437892
53178
152268
87000
2807423
49999
67043
660000
470250
500000
211306
800000
429108
120121
71271
224246
200000
280000
115199
520000
83270
698558
1312994
202300
266674
259436
836073
37190
400455
1323499
598925
26009
174000
112136
500000
621257
157732
599999
178680
151940
144208
69415
770604
994161
74367
478157
460323
1099959
321529
200000
177432
471519
87000
87000
87000
297318
200000
267247
87420
299000
422803
598188
262735
850000
137420
249999
492000
200000
174000
2028798
616042
400000
400848
266079
289990
308000
599939
530000
599652
400000
2721983
87000
500000
800000
84781
188500
174000
87000
600000
174000
454179
165081
87000
75155
87000
87000
624980
800000
108649
135669
223908
76337
1843909
8356
271077
216582
599485
751804
130098
470548
152505
804895
667405
478169
733570
687161
1105277
259392
202125
1038456
700401
395975
599971
597631
842571
583525
690034
662230
9598
538840
169545
375446
1030611
249312
105084
260000
69347
395805
552353
13328
193025
142376
599132
184034
504523
477509
131100
532384
307241
321752
1200704
614237
58037
271908
289328
202985
522502
236990
882665
211914
303577
56723
213071
582775
94334
322981
286457
50277
475000
400000
140000
346661
15140
47042
240329
274274
597781
135000
264941
293438
259731
240521
158930
542406
201631
129315
154840
448838
1430030
280000
1692426
988683
345783
10000
905141
800000
184528
1007491
622992
558531
350000
209947
314573
274750
141539
999752
330544
338169
139280
287681
373729
435887
333191
1089851
698287
72307
254936
326405
523999
2288600
297097
524243
185358
0
618479
274770
314604
678214
696476
449838
1517083
516031
412464
1107999
250000
374717
496823
1009201
230000
416623
989408
350000
497479
1596856
139643
1999438
354758
572121
259528
305686
262639
281610
599821
1211962
2299267
299999
293575
216979
437514
253522
629650
866635
458600
199743
256080
262689
250118
770000
98343
286947
303401
543074
289785
999804
727437
500000
309890
196799
476424
129907
812540
307117
131000
956654
541616
297087
391186
362575
265060
503356
304009
214284
712600
74724
644712
456657
575211
664294
801508
1867017
298184
420980
346641
159533
534372
398112
586011
305110
99829
640062
900000
553700
368212
1946303
998614
253583
598666
77371
796359
289800
349924
252362
805203
2100004
225330
258001
139965
560586
635950
980000
1022563
271589
324000
624000
84362
196265
2800000
212031
97143
201489
684462
464977
1795223
450274
216310
50000
499791
199496
499276
295929
434395
2062724
557139
342368
704337
91520
469488
185000
68820
89288
89924
10000
1499624
7500
432481
400000
292351
233654
474266
471670
357115
291865
25000
400000
260079
358000
896303
334999
586957
4300
374862
11813
320000
259475
275430
107669
359045
144407
212318
305123
15000
214501
187006
34856
387753
18228
483135
25200
149744
476409
380086
325000
452904
71272
9350
148131
298269
40433
17215
400741
125000
60000
240620
364438
348445
399865
240907
169159
346157
253996
647300
1490275
599768
340094
364211
344679
370765
30000
299931
19922
449933
319005
372409
424311
33857
20000
12927
284279
43464
164507
285461
1195230
620000
296010
45903
338180
338895
319216
236150
314723
300000
83638
463191
167578
550802
120254
426765
259320
93357
245625
500000
391750
345836
25104
200794
322215
373953
1499999
214147
244397
49989
162099
359347
466283
1502521
1500000
334525
1396666
424999
449738
348119
367655
174292
230000
396424
125399
86672
356053
63524
399847
18171
351017
412835
320000
54308
374425
291971
438270
373483
99989
24725
324587
185852
21974
310285
516424
140710
282684
206620
502945
330000
377339
10112
238202
304845
468851
230006
294869
284928
110633
136934
82256
298921
25200
182286
279025
90847
68318
358074
90121
350000
407909
391354
348077
324458
283953
440050
398897
383819
1296937
56000
272013
450000
400000
539337
10205
424996
230000
100886
299739
1500000
15015
249869
147255
25200
338615
16476
172331
305566
150001
244870
299974
479997
25884
350000
328975
361175
355472
50000
499916
134490
208377
1356951
61705
458556
31000
366968
137228
14455
94971
25043
275497
70000
158012
233811
25192
370233
14819
288000
1585544
25200
296741
42740
181903
104898
242170
10000
168723
10144
438000
562500
272350
19160
23532
1200000
15500
20000
1063217
25200
615980
250316
16352
31000
536783
959999
391203
18660
386370
300000
24968
16603
310975
17615
296924
250290
19169
500000
76957
200000
92787
320000
239913
17496
4637
1200000
1000000
111121
462001
363517
33333
290325
21279
205738
791955
15129
158188
231649
22880
163770
461155
560415
356214
562500
249225
400000
1090000
21231
610000
1524300
716589
1045165
454410
375000
406000
333847
1600000
390273
130046
1081559
397989
795623
159792
149887
480000
232999
430581
33333
320000
1200000
500000
42119
14859
216000
24583
635011
624938
646131
251000
91976
959018
552195
25200
1183788
375328
25200
24369
596080
21918
1500000
809379
529776
291749
640000
298793
266212
164835
361177
414520
25200
399383
18978
800000
23287
300000
9221
25200
297236
9012
400000
235000
365502
16952
140000
49104
129867
499619
33000
231961
123225
356657
691713
200000
751086
261105
88002
30945
139734
28373
200000
843718
75051
15000
225010
200000
479658
326179
68532
111079
49965
115699
24215
13797
498023
498330
850000
99691
541340
749979
1199998
465738
499965
300610
746916
168000
300000
62000
27586
474406
499970
1999971
499925
498077
476903
14250
822419
25194
245196
500000
233964
499901
242451
148000
1861527
1218465
50000
230000
499641
273552
12544
983932
499988
446850
1027678
217000
199791
276000
400000
1999995
0
499999
499941
367260
100000
300000
280000
483759
2000000
242316
992417
1999289
18201
50000
50000
224322
50000
499558
400200
1826429
443678
1000000
499352
467170
494651
100000
578581
748459
499879
289714
905631
1000000
1999999
499996
58000
82738
161186
499620
24000
21705
275000
187500
300000
650000
345551
25116
29950
15000
600000
198975
35000
285500
187500
187500
171251
250000
200000
19477
159222
610000
549999
649999
221188
616000
345660
164601
354270
187500
249999
11201
232497
690000
435399
31418
650000
122114
31570
478812
420000
457845
22050
2208195
100000
31720
254829
16667
657959
196138
10000
54105
38135
20399
21974
15489
9828
15000
53699
788100
118262
19060
101763
78635
30453
26402
72948
30000
47418
2499279
274000
31701
35357
50000
25200
27550
25186
24163
169634
35996
226267
63210
111124
36478
217356
27735
50000
69284
33335
18000
574985
224253
390461
300000
16074
2653673
349562
74995
24750
500000
10565
298900
799621
417100
1481304
151900
160852
430000
130000
119013
28774
5000
91780
350000
373597
187682
141070
1437397
12205
49900
78796
1180185
49974
349900
137657
5000
136091
102615
49988
399804
399157
156263
96611
216000
360000
179269
46287
348037
319949
242928
399388
392256
117694
132960
114052
66640
309900
233000
273032
12500
232999
34943
408000
275115
368228
319975
479985
448086
300000
319578
265981
44091
649963
716000
505673
260404
318735
650000
366250
42373
210438
234000
438177
159482
93453
83686
54341
25200
1033266
3328610
68750
95579
2300000
17971
213845
200255
57344
180521
97543
196518
99594
12000
141109
131178
23944
15195
130812
24999
32882
284772
16000
214215
318839
3220000
2150000
49984
269805
399660
19907
45500
294268
4200000
30000
50000
249730
404703
299552
126254
263903
40000
49994
50000
218149
336640
510000
18260
209734
1075001
18000
750000
288660
374769
197536
49500
106774
134605
1773912
143826
49999
193141
420442
1177691
261093
403379
15660
17109
145494
55509
1250000
632500
450045
500000
315203
390711
328198
183637
93156
69903
25100
10000
520058
299859
697861
546577
498721
750000
147265
749997
5000
180000
580896
76627
121857
349666
499969
106974
14000
5000
320000
250000
420000
470000
176065
149464
49980
326967
398263
1880260
1076122
757230
743549
426161
423878
615646
747259
472209
1337101
89779
599684
548060
71779
849938
212736
882935
1500000
395035
699540
19000
750000
375000
288816
28903
867729
374939
217387
899799
199951
29742
106520
556650
30000
753811
55557
49962
750000
999999
222237
204558
72808
44823
341817
155187
193000
50000
117061
26637
210060
207801
694583
339472
1374893
134160
10000
150883
95664
537554
422199
100000
8000
50000
1762736
378007
246419
199997
68000
14608
982661
399999
948067
25000
100000
225998
922707
450000
27589
49998
46880
245458
447443
237000
280793
356837
217429
2997329
104653
498685
99750
237499
216908
49694
190652
257205
15912
569087
200000
650000
599968
483573
490074
707296
110000
320520
300000
450000
761037
71753
949928
909153
407769
501401
460043
715232
150000
498410
1000000
500000
234752
352204
49720
456076
224431
666298
114660
2999884
159779
369200
481411
477670
496571
26389
25200
2999976
2999970
12000
2999530
2999845
570497
481482
2999782
428873
30000
2994286
203224
49986
499344
488339
61230
500000
2999806
498751
488455
674245
2999996
2999999
63257
10048
2510755
10607
498840
15945
2999999
2500000
3000000
400000
2995055
2998886
387926
89200
75000
168758
488194
50000
427892
90000
144881
7000
259749
225864
79748
716960
1199898
16853
1041501
133980
390830
99336
2500000
149810
979525
174470
464155
9100
15939
50000
15000
1874988
624996
2499238
44524
149086
228995
515310
118202
100000
337076
51240
180684
50000
373045
1198953
27029
24109
210997
99871
12000
99084
386097
50000
50000
100000
24789
15999
49270
238995
99740
285000
44000
98905
14400
100000
224758
49930
15806
100000
13293
13171
149577
50000
21243
23952
15986
557555
100000
147642
99937
131550
99213
99997
100000
99242
626010
236928
464323
126004
262466
99990
15991
139365
80129
99998
26785
422610
49583
549532
82630
100000
99624
401453
34019
99999
1312274
99142
410635
230647
59889
12860
124212
284196
123159
42755
100000
749752
174765
164281
229179
34881
485317
132450
207988
63889
1999697
2000000
549815
431851
140324
19916
1000000
296157
2000000
481377
2999128
15540
444154
748458
70000
50000
112000
50000
170986
139571
215523
50000
50000
1350000
50000
575223
500078
58092
15000
3000000
3000000
248379
1931443
294288
33138
877190
48029
181525
274904
2106370
225067
367662
432678
2998837
1000000
161018
129794
2000000
1337802
681864
30501
549820
27650
525985
468978
207083
4000000
3000000
3000000
92221
304266
312918
211721
413663
719440
50000
19590
410338
44067
457424
249720
411588
9999
75000
332139
128934
48094
860908
131126
293734
74027
484560
186708
19900
110000
35751
75118
1257000
38334
296188
10000
179999
230728
150000
222798
75000
182230
324629
600938
246974
231454
260766
442971
59263
570585
18000
300538
45683
95378
993190
161232
1006619
99494
216684
183880
258254
500000
462399
347686
4584
372786
279979
148959
170507
15845
874085
299100
833963
156920
695127
285106
1375915
21774
430988
319601
617216
80611
577715
354682
363818
100000
505443
35270
540000
710018
9613
154866
63938
598359
326828
682863
200201
69981
647077
415314
74224
913429
107817
116478
51830
549060
440188
56193
567582
438766
29444
55752
795707
585618
263575
390647
181193
189860
393532
90761
50000
149561
296831
9906
299756
290962
690123
523363
328262
402825
104681
455041
120466
67613
288872
111674
99966
59079
270249
599282
123567
684805
186667
536223
894703
556075
61074
220534
184233
479367
203157
349976
417369
57496
173863
612576
259513
400703
161118
362031
399635
142643
301794
535487
69244
588561
336494
469827
150235
464498
553703
606152
572711
274200
327163
281607
171700
84517
259364
263727
308695
358154
35039
693024
322673
1417632
178255
203087
699095
946602
467979
334044
209938
357202
214664
7642
246908
427526
257196
443776
158499
989694
197897
393513
259533
667840
345846
512184
588388
216147
260000
99485
699480
384124
49999
318734
190525
316573
883220
436656
1528834
100000
203592
435122
999998
1872406
100000
277531
9845
14700
188179
996740
152940
1015627
100000
15000
499999
99354
100000
100000
500725
99439
100000
99122
99965
99932
100000
499847
999951
25000
500000
495280
99408
791513
99156
99993
1000000
3581912
100000
98488
99987
20000
100000
299998
77505
99867
2500000
99940
231504
99966
47817
199999
49711
107675
55168
40314
378072
50000
276685
1279775
448211
524141
19500
50000
320750
320750
9069
36144
158277
184067
65046
85370
49978
863043
486853
1946771
312357
1450000
326545
67053
412690
898673
573944
114012
200000
150000
373200
54352
632086
62135
93300
100000
41388
50000
19840
50000
445863
634454
389805
157079
166999
10000
99877
105894
106883
299967
425540
67746
84437
84989
968436
570084
199999
15000
150000
397019
578376
64887
1043856
12000
139169
100000
1769984
1185805
68869
8333
100000
48364
124354
87369
100000
35000
5000
399994
399911
249860
423798
200000
63001
12367
100000
250000
49708
99999
32760
83190
892835
144350
14349
559913
349960
88699
98869
1723126
20000
482237
426345
50000
224986
297424
357571
55074
99363
100000
99978
284246
124710
131682
100000
99985
20000
30800
450000
203130
100000
50000
277381
49643
232537
199801
499999
200000
42458
199907
50000
188055
60408
50000
267507
173827
129728
311937
196386
174845
199922
674937
12000
199995
150000
199818
286720
65323
747282
33725
177315
30000
146051
30000
49004
516471
1085090
488458
71682
200000
20000
50000
364646
192790
272091
321318
759990
300000
50000
107979
12420
300000
15000
500001
47620
561117
750000
749643
739252
502944
737366
750000
251321
286370
243192
15000
200000
1452537
25200
500000
500000
770757
14774
98352
205853
201677
760569
18750
12000
741125
11938
185000
7500
1194781
379999
490000
500000
551725
499999
750000
740122
750000
746107
600000
708803
600000
600000
750000
749955
514295
747959
750000
749942
258968
1402259
600000
750000
17833
707321
70538
732992
750000
750000
700000
750000
486217
576856
219964
486000
500000
750000
510000
11975
750000
128020
700000
137490
1002549
996361
114510
300000
15000
495867
192114
160423
682875
97025
999891
134957
143213
414275
155558
162105
300000
220050
206164
300000
299823
998737
79547
7750
320000
22690
72497
153309
12000
222122
49979
11465
160614
176284
5519
200000
50000
91127
11565
15000
250000
14996
131963
450817
176539
1030811
1015927
999751
261542
185000
865945
200000
729904
299984
193997
125310
200000
28000
192759
199997
299955
110413
999239
299556
995500
161681
299903
784917
213723
221867
130772
12000
999945
899999
200000
246020
1015464
590317
243575
12000
358918
28875
18000
999999
409048
229850
50000
1000000
18500
999651
118918
179907
841506
308657
300000
667660
994988
412163
556047
738094
415095
301680
1002067
997226
50000
750000
43000
390205
75000
45000
10140
113055
183490
10313
499734
45000
11445
297259
400483
1923476
81909
250000
930904
315329
113190
50000
124338
199625
399999
313504
250000
457548
999904
816000
12937
399989
800000
499999
250000
180000
139995
166069
1439999
15000
500000
348866
485854
17490
464136
1250000
999955
624473
1930597
300000
352109
500000
284936
449765
250000
500000
130394
1099760
88368
450000
479117
833918
500000
936504
332369
283983
956755
311447
828428
215000
208000
63553
2342195
338586
828428
700000
830649
400000
275000
997093
70029
999396
175000
800000
1252467
842465
1730953
300000
1769794
497372
500000
777271
1162358
304707
200000
1331133
977584
1039063
2419338
499835
1828428
74623
400000
269601
224621
249895
249947
250001
66666
61490
499978
450000
794094
299958
476976
25000
400000
121812
81206
399998
310000
250000
399999
500000
249994
66667
290352
49870
400000
249940
193022
75499
164142
184297
185669
53500
123013
400000
322051
111346
500000
389967
87390
26667
32667
14360
250000
622221
418593
80000
80000
160000
399356
500000
160001
290125
499693
470911
47999
499997
400000
348876
320000
47025
39280
50000
103504
50000
20000
50000
341379
206102
50000
50000
25645
50000
50000
1000000
9000
212946
145191
25849
10000
10532
500000
74395
15010
174996
49978
508714
167228
249098
152082
15000
299752
366777
11900
15000
309997
33396
10000
238354
50000
46500
2414
140000
114355
44795
12000
159993
453050
50000
219028
480452
50000
350393
59373
101545
17126
50000
1800000
1500000
163798
272694
15934
419922
445279
71235
564402
622786
212395
10000
20000
181266
234744
73190
632179
1800000
190505
900000
184588
326435
1800000
466882
44360
275000
1800000
736713
260000
1800000
74287
100735
69277
89186
110273
300000
1100000
1449662
499875
501223
109143
179739
572342
933101
1499523
165000
1395879
91077
441774
1482177
368500
499966
500000
93641
268941
469735
15000
50000
271216
500000
158858
19996
98776
100000
491211
300515
299760
50000
1496655
500000
350384
277047
500000
499999
206465
368500
3514228
354941
599879
300000
32175
299995
163714
172182
157285
300000
6000
200000
136286
300000
45000
279486
30000
50000
58366
36880
317428
30000
117144
25271
20000
75000
199866
151382
497056
2051407
364975
592759
49976
385000
330000
25000
19917
516000
299975
50000
484888
50000
979987
311963
50000
599249
900000
9000
1249991
31625
15000
27021
650000
274999
749799
274999
670000
900000
1023986
299363
175213
365000
181060
50000
49850
346422
279107
234754
999993
73794
400001
282528
900000
1024363
500000
500000
400000
900000
400000
1000000
662431
1365703
226040
983479
50000
650000
50000
410273
576000
649482
6000
6519
226480
126064
199906
50000
2000000
17036
1245351
521893
81513
649994
120152
179818
999914
272902
2000000
50000
851751
270124
49964
70641
9000
2000000
10332
90846
2005852
2000000
100090
1997756
24885
89869
49965
1998793
1997222
329369
2000000
2000000
2000000
1737350
992996
1314133
20000
1999999
367764
87901
559471
436332
59900
35000
36000
105452
174396
30000
50000
10000
1018429
15000
641751
100987
1818159
921542
375000
1249972
229312
25000
637069
1000000
645677
965817
1249632
49777
46515
479930
1000000
650000
10000
1000000
10000
2289022
393703
648915
25146
2144800
11840
19000
988453
999746
649901
383758
649998
649931
999350
847649
1000000
649790
18165
650000
650000
649800
677899
645814
10000
846416
1401950
999994
45205
112375
4982084
2065515
995754
209587
2123801
4153852
1074780
1055135
801085
435566
35000
1000000
357754
1850959
480000
569515
961151
996040
999898
995821
650000
996128
1147085
1198780
1232318
1000000
2498849
852125
650000
649065
646986
991618
10000
211656
613044
995335
649407
2499998
649984
649905
1000000
999156
999752
1094923
560069
1249250
999519
999982
96000
999483
999915
648844
649153
996752
1000000
1249925
999580
649659
1536264
997589
99876
861773
2156977
571618
1611462
999975
4998113
649179
2234121
996038
998652
1027715
999994
1228848
999999
1000000
2489447
110255
998732
999964
999847
999826
958254
4999656
999968
454356
256977
649962
934308
999911
996208
47275
999029
661868
1000000
999315
999998
4999450
649981
291716
16490318
27292
227367
50000
12142
49974
117263
999995
205811
18000
300000
19821
20000
30000
49500
32500
150389
71670
100037
210000
266000
150000
23264
15000
149611
50000
49999
254674
476652
25000
25000
300000
449385
435599
50000
41150
35840
230000
69973
191205
136279
280000
31596
68404
201163
135117
157857
174881
246167
312204
125000
125000
375000
154222
10000
10000
29816
299882
450352
6000
30671
127497
599951
15000
15000
50000
0
65118
119796
20700
48279
2970
173735
15000
50032
50000
9000
23000
165881
16500
166980
880000
10000
8000
299988
50000
50000
242953
49960
10000
110501
191556
99998
50000
167150
15000
212417
68622
138341
10880
191655
157564
98620
30000
50000
300000
25000
297757
850000
88344
32929
200000
35000
300080
14569
257334
18247
35408
7660
500000
51973
499999
35981
1874878
299577
10000
10000
49935
505613
470361
12000
10000
646137
275000
12000
14345
50000
5000
49945
20359
70000
428076
299754
50000
100000
25000
40076
99933
49991
249066
1875000
547399
599447
2367716
104537
55812
49954
3102183
5833587
98739
420002
130093
20000
131574
996778
14500
21062
284884
380702
48850
472401
99998
700000
682840
552973
97489
50000
673000
621934
30273
12600
23858
50000
50000
50000
1119024
50000
10000
159234
18000
30914
89494
500000
997363
370383
33000
42000
25030
14630
34599
99998
405713
62256
2321257
432534
20000
900000
96959
100000
39630
518963
79854
98158
50000
35000
49297
10000
46391
323113
15000
50000
2579021
25000
84228
87853
100000
98210
286136
13853
200000
50000
49979
49850
80000
253349
10000
50000
163191
100000
199999
913751
18000
25089
4606918
2389071
50000
631829
636461
147299
150000
92174
5678833
719290
704579
1102149
4000000
697179
11000
901283
50000
981074
985487
174927
111598
99994
35364
10000
30000
20000
34994
49805
83851
96492
31364
168397
289999
116346
826200
680000
326743
50000
99708
24056
100000
99709
150000
1000000
14000
300000
150000
34999
15000
160000
79999
25000
35748
12000
50000
50000
11559
52256
300000
74544
20000
28000
99995
71369
16200
28000
300000
111938
88714
72047
100000
570000
2051616
100000
99997
300000
50000
365458
16000
31500
30000
145437
747825
5010
389676
259976
225760
39928
189019
424432
40000
4919
50000
98597
181295
14000
223708
107376
246648
50000
149013
4487500
49998
50000
60000
200000
29999
296258
130000
50000
100740
18000
10000
12000
12500
50000
49100
30004
100000
29890
150000
50000
50000
132991
24000
194127
220000
153000
308113
24262
15000
120000
49763
50000
49500
19998
48592
856731
17192
16579
38250
10000
51826
30847
150000
10000
150000
100002
59987
50000
254136
86130
280000
39811
80038
98750
199998
50000
198056
31198
80043
130267
38960
41958
94204
50000
643604
99970
99185
300000
25181
168847
99996
98346
49854
49622
50000
49124
50000
99739
98823
299900
100000
99864
100000
21800
99967
289992
258349
299976
298416
299826
299903
299979
200000
300000
299999
299998
131230
299994
299761
299824
299936
299937
299473
299952
299994
300000
299856
299992
298592
148740
299985
502081
300000
298484
299996
199973
300000
51083
299250
298946
28990
128945
149578
46000
46000
92000
88158
269485
346084
34958
50000
460000
525166
341590
150000
25011
10000
96290
276000
230000
46000
172667
54188
4639315
138166
15400
50000
49981
49995
151760
103550
481481
21008
674000
150000
80000
50000
217956
18000
49953
12112
164234
20000
289498
215079
390208
50000
999089
20000
225032
21906
15000
308388
222683
226807
229463
50000
228297
288668
150000
50000
150000
174120
50000
50000
20040
289502
20350
402084
148900
25000
49270
359732
172600
30000
366396
10000
67098
10000
90640
478897
17000
2069851
1965083
511278
1552925
276000
32407
25217
147846
350764
49999
10000
185982
25320
147746
148333
250917
8800
9262
76505
1
45900
25000
10000
6125
12000
150000
150000
1222855
500000
15000
200000
50000
160343
50000
49900
13189
20000
35851
50000
41881
200000
19925
493141
292445
151007
120000
27000
11657
14745
3299995
200000
0
79628
304269
200000
4355152
22735128
11356168
300000
50000
11785
45488
50000
47858
19983
30047
40346
48439
49931
50000
323861
506888
199997
200000
500000
20000
199502
79532
300000
152992
500000
25001
138008
199921
111834
200000
747197
200000
107750
297000
30000
181657
213017
94043
149217
200000
77516
29998
555536
320000
200000
19960
47762
53751
499796
199999
49936
50000
498924
200000
499006
497169
50000
12056
64226
20000
75685
81211
20000
17500
12416
125000
50000
366453
499713
49941
49975
20000
150000
50000
494256
50000
75000
50000
91931
50000
181696
134148
76141
50000
299950
150000
149619
80077
107696
101000
50000
90000
150000
225000
28000
1204270
225000
200000
766364
275178
50000
10000
9449
84953
15000
2200
22800
59863
129844
30000
25000
15000
50000
224967
326826
24467
269590
12500
150320
8584
10000
176876
150000
29794
10000
50000
41403
13000
300000
315371
40000
50000
223717
50000
6888
25499
55000
100000
86260
50000
214000
750000
300000
99887
170975
5000
200000
50000
20000
49003
224348
225000
224934
225000
232026
224998
225000
300000
123773
6458
477483
175773
50000
224618
165000
299962
105000
299895
199346
20000
300000
154476
242183
499998
25000
263279
299930
87851
9500
200000
291678
225000
225000
224999
225000
224969
95152
216000
477872
2778783
92000
4056002
100000
138000
583667
168833
265178
208667
54122
188416
43167
194000
2521166
19990
70000
186160
24471
29931
50000
49997
145000
225000
220688
149414
211001
89000
224997
225000
75000
316829
225000
224935
224959
98172
225000
224355
225000
225000
225000
155248
224915
223756
224989
225000
224895
225000
225000
225000
224996
225000
225000
225000
225000
225000
26248
224928
225000
10000
15000
225000
224643
90122
220549
225000
225000
224996
224417
224911
225000
225000
225000
225000
224832
225000
224592
225000
225000
225000
225000
225000
45000
225000
225000
225000
224992
224997
225000
224032
225000
225000
99976
225000
224837
225000
224905
225000
225000
225000
224737
25099
225000
225000
224732
224987
225000
225000
224475
224972
225000
224999
224143
224996
228000
224995
1960667
224850
368000
418000
149258
225000
80334
225000
326540
1066484
1795167
225000
225000
225000
224994
225000
224988
225000
225000
225000
193818
225000
224991
225000
200000
225000
224545
224804
225000
224962
224996
222914
224968
224381
225000
225000
224924
225000
225000
221880
225000
225000
225000
225000
225000
225000
224957
225000
225000
225000
225000
224912
224902
225000
224142
224996
224170
224996
225000
225000
225000
224586
224700
225000
224950
224885
225000
24263
1598298
300000
149844
150000
680166
414001
195333
19984
30000
431786
20943
432400
165185
4292588
433368
1149750
200000
428797
299097
100000
1624254
299022
199373
299991
150000
434553
1000000
299405
33953
251810
45259
16032
173989
155043
126010
110328
150000
19840
55968
150000
133949
199647
13506
7200
25000
178692
31169
40000
0
280021
288041
15000
299847
150000
50000
186428
98872
29977
500000
19000
50000
15000
7477
15000
6000
8000
79499
299990
49636
99759
71470
100000
299999
139094
15000
44520
299888
110000
120249
15000
33234
15000
15000
299992
100000
15000
464640
233000
150000
15000
107998
15000
14999
300000
15000
501084
200000
300000
14994
383398
300000
102163
15000
299999
226457
29193
150000
99000
199993
150000
27000
25850
358184
225000
150000
20000
500000
148430
15550
41191
15000
49060
49581
122236
225000
88439
15000
10000
50000
10000
10000
45000
25153
99754
99999
50000
145402
236990
15000
316000
51466
18001
500000
54999
8400
1
237090
16000
100738
50000
223994
314567
219182
25005
96818
200000
58560
140408
44582
99994
299999
474083
10000
150000
94471
300000
30000
144288
210962
49967
345382
55959
60736
112225
49992
276566
23434
241160
202779
49735
199287
200000
12000
30000
106202
10838
120990
492539
99963
299998
37691
10000
148810
91292
166000
29461
8557
97083
49630
43560
83125
15190
299853
384518
41443
129950
20000
256745
155989
20000
174034
236988
353890
300000
430093
7899
603105
45000
215868
195637
150000
152537
1302331
25000
50000
7280
250000
149541
206381
50000
29066
21870
39343
10923
124977
93909
49783
49540
71206
200000
1370148
93230
49806
49999
944
1115612
10028
1000000
70000
12000
9891245
86977
330427
144973
45000
222321
162437
114116
24993
30350
98936
125000
50000
473325
502375
85350
291177
98422
520000
172027
100000
500000
170303
99984
429054
50000
25861
111999
453379
142413
267648
150000
185838
49883
149997
199026
85000
558650
81642
44109
39692
101101
100001
112000
150000
35000
150000
300000
90039
150000
149930
25322
50000
200000
74317
208362
49947
47699
338183
100000
40000
23975
50000
587109
16000
129917
209880000
610889
199322
456171
35000
100000
396575
299837
35000
99228
147000
172196
209978
50000
57760
139740
49999
40000
584052
80000
2152829
442345
203399
819923
254837
259006
271812
55354
50000
102706
50000
200000
216466
153128
50000
370001
300000
179409
348211
737123
3178524
144930
119476
100000
571640
94161
60412
75000
405691
100034
54081
65217
375000
234969
201015
500000
73070
50000
215894
113440
75000
513652
248085
50000
85000
157991
434380
15000
44966
500000
24000
500000
137302
101415
100000
44114
16902
206012
49547
82436
860018
104038
47340
1898421
189157
15000
19108
188160
15645
500000
507400
50000
35873
158111
18864
13299
351339
406363
500100
156717
18360
270000
343977
14615
503244
67554
504751
148025
508000
108853
300000
500000
214319
241121
50000
174393
169987
1023208
222869
125000
900000
224993
360323
832890
49999
95340
99624
536139
367126
177537
19970
99000
170847
108748
9132
9303
101197
500000
317164
70031
171940
201155
77865
104610
183972
160000
225000
237207
24706
400000
500000
137269
500000
391138
58852
93615
263697
139439
120000
106050
580000
125000
500000
113734
376489
500002
428367
140412
93129
49794
75043
274627
175000
104046
113440
545586
407524
105417
107507
230825
108481
75507
85000
129000
215465
177229
95026
24871
22340
122499
650000
82509
500020
102612
45001
192160
412144
122612
249938
500000
98468
173567
500000
137322
309423
295000
500097
84449
110366
94349
102060
172645
103364
101523
30000
180494
92425
112346
63654
267311
105247
94693
110659
102075
99825
72354
188483
91631
104732
90000
114677
214480
166692
96108
80637
415040
347782
500000
404888
97453
104386
200000
128824
750000
103613
500000
103727
208470
102303
96386
99138
500000
500000
108068
181439
328135
188474
650000
118154
400000
122332
99321
120399
367554
87766
115204
373477
158048
174282
101016
128640
82032
325726
74771
10039
96199
208266
148062
91948
87583
100624
102036
50052
120853
95450
248244
317617
500000
127320
94246
409016
303574
175830
90466
93015
95594
130501
500000
98167
218260
425814
213670
98939
215491
174873
9992
109051
160000
102716
93658
82387
288006
392478
115000
111864
103595
275883
297665
194862
201143
107334
109386
90812
99067
105700
113729
107314
398409
400792
103406
92331
71962
99400
513399
100000
89442
90582
97784
106427
101860
97353
170000
500000
95618
83643
110327
169740
288286
99191
127622
10001
107530
29938
92717
101187
565610
160413
100000
93945
110833
456167
93552
93468
498905
115343
130108
119020
85910
109999
209516
129172
102911
500000
123646
114309
94979
500000
394503
74591
112708
500000
102776
500000
143424
60038
175013
137500
334234
412811
561685
500000
180000
500000
109001
250000
160314
96183
97993
500000
500000
500000
256896
116481
101475
242030
500000
110709
97702
92586
19903
116000
500000
91182
125467
570890
139514
288106
49990
107741
265169
461992
126886
516061
235182
251175
223397
460000
300898
67866
30988
88149
102767
95769
92383
310123
89026
31168
394903
500000
500000
500000
118369
300000
342016
500000
120000
500000
500000
98109
393924
508000
553833
500000
500000
500000
500000
516000
287500
500000
500002
399994
399825
500000
508000
141585
500000
20444
500000
98423
500000
500000
48457
64328
500000
128762
500145
500000
24380
393234
294770
500000
500000
500000
518598
46000
503888
299994
263188
377485
100000
135319
500000
25200
46000
500000
182398
141056
500000
46000
31793
46000
500000
395000
423999
500000
156816
457038
390000
414312
500000
500000
12000
394203
93831
438700
32199
730425
500000
9543
9450
206283
298558
31205
500000
86913
506571
500000
91310
500000
500000
500000
116170
46000
528407
500000
172281
500000
95092
500000
67999
100000
500000
14737
517992
130000
548898
443729
500000
500080
500000
400000
99766
403218
315000
299999
217028
431283
500000
523334
15194
41321
500000
500000
193421
6218006
270000
500000
500000
500000
80000
500000
540093
39060
75747
500000
500000
119279
500000
92296
500000
259642
441501
500000
156563
434774
65170
500326
500000
50000
500000
500000
55401
500000
315706
586493
68353
500000
324779
500000
500000
25071
500000
500000
500000
162515
85789
1195708
500000
244163
500000
365757
559892
108361
105126
500000
434984
19671
500001
500000
113116
507986
313834
117000
220927
75896
106674
291094
109333
96468
130193
85000
173560
78443
107472
47181
200000
189407
85192
94764
122459
359553
84426
80000
211363
115000
454740
117000
150000
105684
349875
258176
172646
139999
80000
33416922
95813
647069
135474
78093
259591
74976
100000
124880
390378
418500
107341
498953
505812
14980
199722
322569
709378
200000
138018
85038
117844
301831
81937
272977
118000
83826
420044
115000
136725
573255
115860
366022
390000
390000
352911
100000
62911
798235
85000
171007
650000
40638
145996
247911
307343
142662
200000
650000
513296
140000
584262
593489
79994
465932
172153
93913
284605
390000
104257
82369
148444
145070
279937
100000
122456
165663
282516
85000
399648
24930
375001
173738
117408
94039
295339
80983
17704
224514
120687
87601
234000
103843
98135
53812
100000
204697
102464
99215
295800
500000
135031
350412
423852
105188
38900
224041
98731
200000
123646
78585
347714
229185
157600
200000
313316
40987
24000
107537
50744
347072
156878
348482
53450
7000
152897
324717
93802
552273
98096
101904
10000
14624
140739
228687
37829
144521
50000
539210
299962
288928
189258
400290
128732
149940
190564
1795719
175000
125002
54000
298776
89999
232885
143516
12410
743273
606156
80157
129600
135201
83946
50000
50000
303897
121353
208000
46000
249600
417695
200749
46000
561971
446573
51000
50000
186869
3846298
277863
207114
99999
164474
564136
1640677
60192
179177
566854
30096
148607
173878
128173
1348911
154686
240658
576487
758000
57701
31514
90000
13167
450000
295195
46872
90000
595650
16448
29549
12600
200000
50000
441552
200000
124394
258123
1312488
72640
300000
324975
199817
127102
1200110
335008
1522015
295887
104000
800000
548421
209721
199977
200000
103371
81722
60728
427778
449954
62391
169083
166365
483159
132861
478940
404912
93000
50000
91899
185703
150334
185192
150000
313606
269500
307941
15000
280316
256231
126391
752233
199528
196529
647023
422395
377622
254164
83902
277267
138717
1000000
199995
119808
93708
423342
376377
448294
149574
566000
520721
295111
169792
158490
98930
219877
314652
378459
77823
185921
564910
515547
535843
96099
121707
699995
999964
103084
108867
300441
775789
109857
456242
68778
893911
199671
460511
474816
261339
184990
145960
518999
13419
1061637
418414
527126
166654
878751
144596
99106
149998
161094
722848
976043
220091
350000
142053
242860
128092
198170
613248
760731
257850
439444
250000
199998
15747
222850
161437
731385
829959
495187
558163
506161
10480
117999
137261
301852
550000
46000
212780
8605
188124
870864
100280
25000
155121
15750
15989
91656
246404
224460
179974
700000
19440
6779
175000
15750
109920
550000
35175
14640
51974
678441
123784
111890
465041
171244
200000
941961
394710
159512
87487
137136
175000
200000
216825
50000
137432
662547
266585
399156
161896
148992
136425
338756
201753
138995
217905
198244
368066
29771
463587
360206
102213
189000
409296
10000
122188
200703
549993
300000
408466
351266
699999
550000
41607
400000
287849
176939
324981
205000
364920
550000
840432
254229
49799
334395
170941
574252
420000
173977
295350
50000
243341
98506
132905
298371
270000
246177
9033
50000
549104
240900
244413
174469
175000
174831
101360
173130
152715
116857
189686
174947
93239
549034
190977
50757
175000
174738
174346
15180
174934
174960
25200
175000
168698
351730
175000
175000
175000
175000
20792
168759
174254
174955
304815
175000
339610
171021
159662
175000
69563
174983
174989
174923
175000
182999
175000
175000
25200
175000
172903
154434
175000
174996
175000
174938
175000
174576
174453
175000
174831
175000
174995
174990
172401
174788
174918
175000
163212
174967
174973
175000
175000
175000
174981
174669
175000
175000
161142
174967
173140
174515
182930
178650
174860
174302
174351
174946
69849
174787
175000
171634
175000
174998
174951
167240
191000
168201
174990
174942
174954
174985
175000
612406
781278
189037
110114
50000
6217
50000
408699
188768
25200
719
230780
11717
275110
27180
106999
55229
50000
25017
107656
335871
344144
204489
80369
1377984
255011
210260
324569
291512
778865
267592
224000
165213
341057
445813
4480264
208119
475916
107711
28771
276950
107563
91896
341423
99965
109822
199928
742464
497667
221057
202062
254038
99068
50000
760208
140847
99682
472014
1097759
208669
177808
36303
860986
1273500
299364
26000
96306
426784
14405
7078
232183
154686
145500
1118209
650872
25200
250000
1019866
180173
155064
595401
648869
195450
436659
183611
263342
642214
128609
381815
512233
128104
79998
165479
549985
561219
160052
21324
1804951
247076
44378
347639
406223
304436
250000
387928
199955
397471
242855
125680
280400
567587
345985
625671
611311
8587
9475
489080
105322
23124
565343
339589
89345
488653
199440
101836
119776
298707
432516
288528
161476
471648
709515
258774
291700
785467
120803
325305
298925
49995
101089
679862
676391
10230
25172
180041
308650
25200
237692
434703
357558
456279
143709
724796
335000
150000
244893
345291
369682
248000
441122
420995
401410
25181
318311
430984
625040
878652
379940
342382
50000
463449
50000
136318
20183
683207
85738
285581
415570
764696
256296
173758
20055
160170
186999
30913
199417
174970
212272
280056
359995
141547
339109
200000
29282
108553
574845
50000
40000
125779
359982
231754
445000
186231
14412
147115
12592
309943
272912
255180
18080
183662
171229
268246
24994
50000
95190
16100
277000
170113
196892
321315
276582
22138
304637
269696
14890
24000
1100000
213492
15504
208025
342767
57925
49999
138655
236555
111097
349000
502000
357566
520037
92000
50000
437814
354063
65616
297183
120402
43244
60548
50000
38814
118813
349153
99699
357618
247081
366563
259436
287979
150052
318000
175999
103658
449999
116031
117892
50000
120630
594889
40000
365278
18000
160838
142208
336993
750000
231676
164449
120786
114279
190342
74970
222660
346310
44578
192193
359905
415782
492891
129844
339575
62225
360000
114650
321750
377696
122928
56873
99561
355531
360859
68827
6270
161559
250000
299753
299492
176186
331950
289033
12826
360000
297000
358076
318778
359223
105574
361454
207960
365925
306916
380227
359999
344900
360000
299606
382674
408620
98905
339939
120168
86819
340282
215946
354811
81554
318863
50000
23250
319974
359996
359783
142371
287959
145531
357012
359959
39215
343140
99635
356710
115333
359789
60110
370206
315116
361237
119107
359994
108197
359452
360000
119461
314876
361740
200000
363997
115729
340000
234292
111968
358850
281310
323997
397808
78786
98703
359812
139404
337327
359530
344649
360390
330000
323821
323997
360000
248005
329857
323253
359810
287984
279576
427371
98663
349101
384244
339683
293742
323106
360000
294954
35000
301214
1199884
359982
399652
4
355470
395667
445626
288249
216646
168416
302400
301869
684435
360001
279997
278687
308340
331349
373823
27716
162383
127790
275861
247955
17000
13279
95790
21000
749999
13600
119730
49900
50000
68538
50000
50000
15000
50000
120254
99304
18000
994173
35480
50000
74826
844857
1739147
73695
183456
800000
247640
246811
750000
123901
241916
1155818
104515
760000
35353
1457887
124999
746165
718503
1135651
38679
777147
282087
859950
1009762
35000
1323178
1005935
74851
273015
1175200
735990
745977
892057
1008572
1200000
954133
1146725
48965
733952
274999
157504
749999
1028367
100273
714037
860319
269999
685168
733853
246933
2999995
701004
71498
110458
856740
949721
689749
2321818
1415500
842267
923811
2196759
945401
104826
669255
883338
1231024
72858
1167706
623763
226087
701438
726267
747122
750000
750000
749214
749057
749867
750000
729492
138913
1200000
2394993
177199
15000
120464
176507
750000
750000
750000
750000
694524
48465
744593
671031
532041
99029
728849
742550
740027
749993
750000
735139
766000
750000
741936
161754
748394
746325
89505
748706
749897
750000
750000
749996
104718
46000
149934
73797186
317896
21091
740743
287480
102195
166322
399864
75938
9315
24000
139721
399531
90000
241814
38000
103336
744247
440869
413437
830871
1199939
2000000
99919
231354
157085
750000
264839
29069
100000
1198658
1195719
27421
40358
358982
345603
102983
362278
315988
354083
397606
382201
400000
312500
1191860
294976
473261
772521
169376
1058040
869744
971580
181801
299006
1477245
199880
184777
364106
60910
494436
17875
30347
107251
349019
349934
143315
49915
9996
23893
117288
114786
100000
9672
50000
103801
72661
94884
825826
279672
50000
87749
653749
99571
148890
39500
71070
67874
165409
146641
103974
137776
41210
114520
67623
373702
197954
341108
270048
420135
139925
546766
117210
357625
160169
88004
259982
340861
264147
950166
435242
229120
322158
898857
15000
374175
274722
286506
409720
624247
454589
742448
1103645
714871
131457
520144
79277
283231
435506
31472
39854
182790
92888
29961
13000
50000
15000
172902
47098
400000
499258
93258
398763
391203
50000
197949
38662
124527
32000
329155
17999
120000
39111
192866
341817
178490
188873
200000
199879
205768
1000000
495039
175863
10760
49763
97786
281729
64947
199592
242978
95054
599257
147451
94085
168508
200000
100061
55187
362859
124985
117579
499993
200000
41690
150000
74372
34232
168608
170865
5000
50000
433001
78666
745764
60000
86762
61167
199934
175735
83833
930260
194033
54059
200175
92681
187739
41641
49301
49906
40933
48742
229810
59366
50354
42686
403118
70845
94446
125018
36207
34137
28754
40097
54001
200000
40507
495847
239999
11599
245805
439999
587377
103437
174990
263503
450000
355480
544785
1820710
231625
37804
2459199
856337
221532
256500
975223
260895
325000
524049
146354
125341
15000
1266920
369968
741384
243175
1495255
396688
638595
249560
268936
375461
239828
1469395
317158
304153
157649
237396
1297624
1977255
612644
49058
23661
492531
169057
168737
105493
586610
185943
140000
343574
122935
372714
29068
446563
250057
39386
219539
80110
123674
45756
75756
496208
107717
388541
171515
352690
122802
127885
276876
384080
444821
135645
35000
289986
200000
215952
319231
375765
50000
290655
56019
336633
479489
90372
240057
197138
203281
400000
17599
522094
10000
15000
282214
459290
162727
45210
2546675
339690
30000
17780
11740
49989
134964
1295679
319630
135961
399996
307825
25000
203939
372946
31991
287751
295956
278045
250000
388813
244555
70880
249999
409971
404275
300001
52835
425794
90001
225798
74416
344775
181661
51718
5150
172044
379290
70498
95088
398887
398598
177277
219886
82200
438174
300000
266554
275473
199989
394743
441973
150000
300000
123332
188804
263495
89130
295191
408048
50000
439761
358142
325644
270053
263833
291506
45139
392068
297872
317330
498949
433245
320604
200119
200003
209596
200000
366792
339491
8765
307752
140000
189758
332825
27210
437434
252451
90000
64644
295214
243255
439096
157063
124478
390000
207742
160185
435921
89310
45000
120266
187306
55000
35000
49500
199757
397243
327775
127574
448040
297623
17967
71635
2750000
241536
32000
53364
127665
140000
349860
258398
172252
39420
439621
191278
160167
123490
134482
80000
185000
481180
259435
38250
184187
25000
130133
63168
569087
40000
344572
406841
386000
388503
594224
192630
288678
150605
30000
338798
120648
256823
683237
328846
328837
329074
465000
126320
800000
345408
109142
150382
658354
647798
286629
91884
443392
91165
86913
337805
320184
424785
66631
212864
23000
316000
396008
587620
12000
186373
589792
240649
96979
541101
328204
226842
91289
436197
49948
122110
349311
141873
90000
80000
140000
81435
195210
155457
40000
27978
140512
72082
27000
220000
26187
88775
532412
49920
85000
180000
180000
491104
182516
448395
234205
300000
21920
82970
283536
351771
96078
136616
15000
14805
26620
159998
79961
11340
111793
90000
190397
120000
99871
2750000
79616
395091
140000
30023
25000
90000
90000
50000
50000
250125
499607
49209
90784
289401
340768
99557
167423
240000
120258
150000
62350
567326
270000
70000
43951
135179
80000
299536
2750000
80000
400377
28746
2750000
34713
224813
26410
140000
170685
224873
